9
250
-3.6637305640033464
-8.262335480413633
7.97566801202342
2.330272852789876
5.9412075988679
-6.0620528929837825
-3.9881335077113214
-6.052685814785424
-4.021055805974967
-3.6962607096968307
7.9851156727577
-8.28550107342613
5.921773442303133
2.313427807470358
-4.040454871494622
-6.059940103891786
-4.027019588401366
-6.065304360757417
-3.7049105266488436
8.025215662460129
-8.294973340917274
5.985545717995541
2.3257329506139754
-4.062596017706413
-6.060956701927872
-4.050517486700462
-6.043223706268454
-3.46832178114625
7.569017495814157
-7.905504297930006
5.538124387722241
2.245262690570387
-3.834569303768381
-6.1284143564305
-3.7941587280367584
-6.119224692786975
-3.588338517536581
-8.121468553856522
7.822012382001585
2.3101275870671203
5.7696875753907095
-6.121761295720412
-3.9074943814966265
-6.160091509259013
-3.941680319608986
-3.50294171327414
-7.991727684952491
7.698629468069912
2.2530287238696443
5.687755488374141
-6.02636925637835
-3.8389269177116496
-6.053306025609773
-3.876656271549054
-3.57443464819354
-8.079695010364087
7.814261861557543
2.2736341805832723
5.809541848279684
-6.0177056840103
-3.95377396113282
-6.03140306674343
-3.9287773871777523
-3.5735123232498687
7.789001655794214
-8.080119482870336
5.741968381279349
2.283662218271232
-3.891605428664257
-6.113060356278736
-3.9407484874559593
-6.0779106684506585
-3.827541171266012
8.229799580028018
-8.441397694289128
6.174470363346218
2.3303723071042377
-4.156734780917981
-5.990739998011299
-4.163307083374989
-6.016775515502603
-3.51723259565144
7.7641150766334155
-8.01283727054566
5.688047224233055
2.274332370690714
-3.8731136833107778
-6.142956624928524
-3.8870814560156637
-6.170437879182944
-3.1265469921750144
-7.507056235007568
7.122269775261137
2.1700021918861396
5.129036633660096
-6.400374560566504
-3.556404212041364
-6.352113869498526
-3.580058100888222
-3.5804339598323986
-8.134167775195406
7.861202469993655
2.31875490548006
5.792919302607524
-6.169084769076278
-3.935901021511878
-6.156151447108488
-3.9300413377661525
-3.7594748691814353
-8.393909853703107
8.14137748349865
2.341164775885139
6.05289005904027
-6.063440163983318
-4.100902531102577
-6.065653388911716
-4.09486591552436
-3.623775594553987
-8.09297027098928
7.88485371036595
2.2971415124383574
5.800390218708536
-6.105518163826501
-3.956920857518147
-6.117736089518318
-3.956483282880307
-3.6248461714966136
-8.191358015130627
7.916032758638988
2.322633528816474
5.818354325232377
-6.173639809436541
-3.9634778775416586
-6.183416065840464
-3.9794911561097375
-3.783299101659489
-8.452662505573603
8.169052971024602
2.3314322749842873
6.066747459616513
-6.077313134893535
-4.1284021216311295
-6.041174413401295
-4.119814585412672
-3.652370783309464
7.909313033123734
-8.218912264350385
5.873162683393366
2.2998039604214844
-3.9971996392522824
-6.065380200873857
-4.004807336616703
-6.027486711820374
-3.337396580479708
-7.808832191001343
7.444914527253103
2.2236106955180954
5.416472001049831
-6.227893630101046
-3.702841493853207
-6.179318173849466
-3.7752483302083943
-3.4578991318818177
-7.853298825677984
7.570121906708321
2.1915876229355225
5.559218500430841
-5.976525235310246
-3.8067412812428656
-6.00641332537663
-3.835985157972144
-3.6458773898688177
-8.20723025406299
7.915876162698447
2.299879074356339
5.875281041396906
-6.045497512741951
-3.999686030679772
-6.061883281945889
-3.9616562560870663
-3.636588248860369
7.943528122843469
-8.190033639121745
5.888842983937236
2.3300091917831596
-3.973665177282573
-6.130460392171249
-3.995732733443705
-6.138890495641815
-3.662856117573382
8.00551069426323
-8.240513552319147
5.924691904856257
2.3113979234091713
-4.015156123994507
-6.075341184158894
-4.029052110021247
-6.087120166769025
-3.600330911528166
-8.19277117899937
7.882179541236472
2.2794616303522925
5.845676193945202
-6.036256543539686
-3.950408691098881
-6.037489254750352
-3.978641739714157
-3.787572350755139
8.18884311225064
-8.438728769225005
6.04827640900364
2.334647245331
-4.130099990008062
-6.093708905603473
-4.123363376735466
-6.093194513714674
-3.621567711215803
7.917911738697384
-8.167774556281639
5.873837745787048
2.291326957357731
-3.968439517806043
-6.0595764182332505
-3.9675006383013565
-6.043873739612306
-3.77081628840725
-8.44078208053037
8.155867273703318
2.3479486156077667
6.079629861474792
-6.059925831380285
-4.119039839592584
-6.055232483119103
-4.0997663245773435
-3.6449249699067434
-8.205534309168344
7.932909801059121
2.3081620086483197
5.882145806265637
-6.0576930923242855
-3.9778862521024427
-6.084058736299692
-3.9739153697843523
-3.6910984976834187
-8.299715366476228
8.041904020836826
2.320600293987486
5.929636899232483
-6.140106682146902
-4.038046666520524
-6.105173788544075
-4.041697605614234
-3.5204183009702206
7.655786366169805
-7.920337825107441
5.653614791647715
2.2366970181037207
-3.850792380975042
-6.0065086813061805
-3.855252822219511
-5.992580887869107
-3.706955822330844
8.038926898156893
-8.302654632567846
5.969643366739423
2.314672424770275
-4.048555193550568
-6.040692742224688
-4.051744915489554
-6.059299368018154
-3.7410802337325206
8.136562527065976
-8.382607039475998
6.073499742605488
2.33811881017939
-4.076783638133695
-6.032636096168909
-4.107944726532293
-6.0366131964881795
-3.597285716924525
-8.108649031528186
7.816848125824189
2.282608831812051
5.77613875476213
-6.090235775873681
-3.982584945873524
-6.086322186617075
-3.933472664130812
-3.656307634290244
-8.289921027415819
8.012338799211307
2.3056035707168134
5.941590358295297
-6.020260312191369
-4.047557730655221
-6.079046441069306
-3.9956442204672444
-3.180437401341644
-7.490146737128374
7.090507935826826
2.108267545085786
5.205804962223588
-5.922346680714562
-3.5483292869905796
-5.934219654263623
-3.6179947272727455
-3.674974582942352
7.97676397148131
-8.233189559424087
5.909231229930146
2.2997398376000584
-4.031203526838338
-6.0122568182499405
-4.04040093911143
-6.031625755789553
-3.7247025123285598
8.092289580569801
-8.338730005013923
6.033108402608989
2.3091580880740974
-4.082200895213131
-6.0031707175093265
-4.071188308809543
-6.0165953225622815
-3.645545020310077
-8.239077306407005
7.936367071845195
2.2974894262440158
5.864282139782503
-6.079200846871187
-4.007142183409669
-6.063208276534593
-3.99011166782369
-3.596929670988473
-8.139434467393782
7.849760889681936
2.2730606488212644
5.81554145351741
-6.061101751387694
-3.969828114490551
-5.9960487427393945
-3.9263128753607437
-3.7294702007251677
-8.325723610745104
8.057863819111105
2.326252588481247
5.94623749348922
-6.07649320409722
-4.043856300383847
-6.08871452314541
-4.090296084865985
-3.7721834490214916
-8.328582897596332
8.066471846172888
2.3293369970734665
5.972055334757504
-6.066794367167577
-4.088165042562103
-6.066045044163376
-4.086430993804969
-3.7308804856354927
-8.328905505092123
8.100431969730906
2.3215531091267607
6.015867796476981
-6.052582206678409
-4.054465156747682
-6.0444180197753274
-4.056840974042873
-3.6953489777259625
-8.292531667516977
7.967465472709869
2.290755687163744
5.948818496966447
-5.9671195564876465
-4.070377962998293
-5.976853440275742
-4.050508935504473
-3.4778499658129394
7.650373295528713
-7.984814421423659
5.6784290115159735
2.2351551914736034
-3.848216660912574
-5.991171608703029
-3.877754412445535
-5.963895698302067
-3.815707238912472
-8.460375487637783
8.233039799642498
2.335564560642363
6.121948146990361
-6.017433403743049
-4.1588394945716916
-6.080202924607031
-4.136957075010007
-3.6604812506340605
-8.164051696075735
7.962237879988272
2.2745585826458004
5.883344356827388
-6.013446522496717
-4.0195671583811
-6.020806513879673
-3.994105044065476
-3.459614530546743
7.696730023360533
-7.939412084722166
5.6945647576378
2.2064401188757925
-3.855500508571741
-5.950367257590118
-3.8675471995831536
-6.019740049601672
-3.206779773114757
-7.546513658845666
7.176030003633526
2.1787532941667562
5.191858037017596
-6.308411553359931
-3.596939851742228
-6.2597408135588175
-3.62604755316952
-3.308493458865903
7.387412912403433
-7.759299748536379
5.428598361516572
2.21154617604193
-3.7464653454876786
-6.102062158694615
-3.713920482563831
-6.080746067339377
-3.7728579616593025
8.180825819844687
-8.389321488962985
6.056554388298068
2.3432915891659736
-4.087636857612787
-6.082071121548859
-4.118829979220079
-6.079001876994252
-3.6308747700505375
7.884844103744827
-8.165458866025295
5.873146507426852
2.293872320194797
-3.97202298284637
-6.029523267919404
-3.9760099169199057
-6.0192033174804305
-3.7306163185575003
-8.336325332805863
8.04662604413422
2.3188965034486464
5.984922180376636
-6.039010568899364
-4.067841620957643
-6.031975034023962
-4.0356969227167205
-3.701102213572895
-8.272611352881201
8.045770447403399
2.3174892532063067
5.9849219312289765
-6.043301651468766
-4.031346394895897
-6.033818953723993
-4.042594406658266
-3.8412739357579646
-8.4600512538977
8.220347002918148
2.3554768946931706
6.088435273763307
-6.075748480180423
-4.147073373990998
-6.09663570304876
-4.15062781541967
-3.660033605947689
-8.18538713283278
7.947291913906684
2.295768679657488
5.880063169265835
-6.071841673025687
-3.9919543070088688
-6.057077510636913
-3.997264564155933
-3.6547749166415278
-8.20297695852858
8.010857679380713
2.2897010225213443
5.912094098046281
-6.076733737806691
-4.028167628105678
-6.039058537467873
-3.988787326646093
-3.671630952853032
-8.255788092744957
7.994478935166019
2.299662530984978
5.928281493652316
-6.046379107061489
-4.028111888569753
-6.018350851323601
-4.029935945082379
-3.717859415980536
8.037139314504453
-8.299230251395677
5.939706005511588
2.3141441242411895
-4.0620273264189075
-6.090884471657745
-4.054819947452678
-6.049321047740439
-3.732040920091359
-8.270670986512187
8.03760506940197
2.3060696638009115
5.956359408890349
-6.0191657536425325
-4.073786615224564
-6.048455026509312
-4.064556466715575
-3.5544954952220973
-8.022264166876148
7.758714530702482
2.243737986656504
5.758614125634783
-5.979035199067235
-3.930859374009687
-5.970006744138406
-3.939436257818772
-3.5814240356769442
7.8681831415607935
-8.155451036393657
5.825898925897131
2.3039568259832004
-3.9469085169395197
-6.10170269309439
-3.9511590512030406
-6.07998012616905
-3.758589986758825
-8.349794419178494
8.104749728944062
2.3469510717247433
6.005565213255524
-6.107794460624277
-4.071672741485391
-6.106037124058103
-4.072034675647061
-3.6051044857531194
-8.069000270723196
7.812612794136599
2.3159442112551116
5.7259884189150245
-6.18779061003205
-3.9349393936537074
-6.222179967309858
-3.9136047255427315
-3.6388456397762474
-8.119211690329928
7.873414110727603
2.3060046655660638
5.833910290184096
-6.0641377122817435
-3.9698980220586915
-6.060655438019989
-3.9645270948516003
-3.210225147919308
7.181678880096137
-7.589288294762008
5.2431798297902565
2.150699497514877
-3.6294618757715504
-6.018749322260658
-3.647085390798825
-6.020181481985879
-3.2402716085204446
7.148701577933457
-7.567099739706084
5.267595998590691
2.1576868380996244
-3.6199577536786243
-5.947932093514395
-3.5981174372294777
-5.9869502909519845
-3.1746248369436607
-7.55275387157776
7.157406933865791
2.194656500622539
5.186401620639188
-6.371319730620094
-3.566861154615757
-6.358845180321047
-3.5908166989740944
-3.621288962186296
-8.091577272241297
7.849350591070431
2.2839431628171027
5.80621669805747
-6.103295487608619
-3.936840376365202
-6.063160612646335
-3.9425821991854457
-3.5321182107604696
7.8156074022777915
-8.101969854285075
5.79833212214501
2.2687574133972257
-3.9042624569900797
-6.051073723326892
-3.8930183712781354
-6.024072654073853
-3.6832086803833883
-8.268924838510909
7.998174059366803
2.2821638894256377
5.922682697813879
-6.050936545379293
-4.031014211452995
-5.994833029606351
-4.031340636239021
-3.7343350478826443
8.06793214978626
-8.331397050860764
5.997974246621548
2.324439845002493
-4.084582356742611
-6.049129808675849
-4.07941360121665
-6.059712295324701
-3.551711252070394
7.763613064731247
-8.055217567512946
5.749100401877249
2.262024637268482
-3.901578906558044
-6.022476288232612
-3.9588201929545246
-5.980708055538386
-3.6358561974810226
-8.177403839860725
7.925326802196968
2.2860903776822847
5.886224652315182
-6.016896685934468
-4.006037778098181
-6.034978862305012
-3.979604168223904
-3.643050541523097
-8.214185806447917
7.908602764622517
2.3037593301740955
5.859198040765689
-6.072202260498853
-3.961413150312466
-6.070112406059282
-3.9751659439811617
-3.5170218411915046
-7.973935440903547
7.699353697555136
2.2695020684762075
5.672941770706825
-6.102288767554856
-3.8606644005411197
-6.108268953340845
-3.872060664236096
-3.179956203106906
7.055328195384727
-7.531101603459507
5.116027933398366
2.134770154795692
-3.5674391059324826
-6.096091144673968
-3.589233092690083
-6.077242410958939
-3.6558015323152033
7.884234879458416
-8.133789947657554
5.870621810740524
2.282585104657396
-3.9802185696739456
-6.001630168101078
-3.990058962876804
-5.985155130291116
-3.6988619012599915
-8.316526296007517
8.080278084390072
2.3084966808945553
6.010914799368471
-6.007066167169704
-4.0812569378050405
-6.043743380783063
-4.060849408407229
-3.7252070685331873
8.08565466463981
-8.316286433527312
6.023861774289072
2.3010541308728447
-4.085340627133757
-5.999690180556219
-4.088506901286343
-6.02025742091706
-3.713703496006143
8.086767980616072
-8.338950518184893
6.0005569239734315
2.3149050047975033
-4.06612971794401
-6.066420055579056
-4.0610192402082665
-6.040287653176798
-3.674842143060231
8.002502504572899
-8.217349276395042
5.88596360792692
2.3023298990834884
-3.9822522164447673
-6.114086110145825
-4.008885169195786
-6.111308925034351
-3.2346362264464097
7.143766776458381
-7.535548821351104
5.278826469810678
2.1070960028354064
-3.6718809245374104
-5.91640008346355
-3.606345003248342
-5.854884892379143
-3.4572632413178153
7.661008062795612
-7.981592109027353
5.6551578007544885
2.265985692882855
-3.8851254493300504
-6.087974761524237
-3.8144393602200464
-6.075583250124747
-3.682373670007378
8.045000832622128
-8.294672411341432
5.983831420944177
2.3057386768500687
-4.072565733991021
-6.039023448931858
-4.033163877374757
-6.0409891828535685
-3.615842440949614
-8.158449978879343
7.907017615979611
2.2799054211576384
5.842997246818398
-6.020140747292057
-3.9917578357768266
-6.082527760417888
-3.9365757072948515
-3.6623402429942162
8.02004190611611
-8.257289718788545
5.9429975254277325
2.2875994993715953
-4.011502166014864
-6.043573233859269
-4.050484519348085
-6.016401132862943
-3.282416394199651
7.384525811886175
-7.715530549861261
5.383022034657876
2.2358781598793334
-3.696947643134043
-6.324502860241282
-3.624956103871013
-6.317838137585671
-3.616944276395953
-8.118053994766612
7.8693090214529136
2.312333522320577
5.816130519593606
-6.142188905950314
-3.9651709558821726
-6.117565804295446
-3.9437004686723385
-3.671027509093276
7.917049577221056
-8.148336776813654
5.836055170113937
2.296197028410519
-3.9423682864939233
-6.101692794531112
-3.983563280547059
-6.088065134682251
-3.69731147250471
8.05930966028905
-8.285049932964311
5.962831472421149
2.3187725500250673
-4.042927520165699
-6.103139141141506
-4.045623954308939
-6.104643930924195
-3.4747855520740405
-7.970784230788321
7.632719403842525
2.2924591461479444
5.576282323331271
-6.2851449270205135
-3.809399522029546
-6.266837257322329
-3.814419597208849
-3.707520252455669
8.005090425083722
-8.328196288436999
5.931608509122575
2.3309713655011066
-4.0583039326529065
-6.0742620101799325
-4.01243501642741
-6.076649161370225
-3.7237162842390714
-8.3249842505148
8.08956939810095
2.335641722063715
5.993760206468966
-6.104167444903129
-4.059032164293335
-6.130540256335682
-4.042952321114183
-3.3175053996686112
7.344597045631994
-7.7405553425999845
5.419900554769873
2.191663347577745
-3.7038793744191176
-5.996459224540016
-3.69401422462213
-6.0218275301985695
-3.441218174062048
7.509813942381466
-7.817389187661181
5.538770004882108
2.2235848560043703
-3.795958756384431
-6.04310007098018
-3.7892622003573235
-6.011955202321085
-3.7685490173570075
-8.404198185402814
8.154966469945547
2.329964769704612
6.051981747137437
-6.085203394996194
-4.091369225348961
-6.066110220186237
-4.100408470386082
-3.679289374852131
-8.307726851488642
8.031918708062161
2.292914004795634
5.978993221529013
-6.069753892522353
-4.0499028410085645
-5.979313042843461
-4.054064889481329
-3.6865520551442286
-8.320677191595971
8.056090758009839
2.306776235106212
6.000648781429777
-6.0309601613406825
-4.066024906551247
-6.044338772956148
-4.046902166433809
-3.2104209957670187
7.119106913686614
-7.545420060177856
5.12592200347881
2.1875226482418806
-3.5667623237445265
-6.412595257430922
-3.5880863281350353
-6.408990355709626
-3.7612243619383863
-8.388459233658368
8.17486423355299
2.3370910301168633
6.075549361353127
-6.079556235233347
-4.109292492125796
-6.052324627257261
-4.109778667115874
-3.6235209628543843
-8.182059840791077
7.872903800998169
2.2825004821713155
5.828399139784285
-6.022652469692028
-3.9876233438171593
-6.036779586134084
-3.980993818133065
-3.505964840495292
7.7841197555540145
-8.114637432564265
5.744243588031586
2.29362038461435
-3.893972129490249
-6.113958473824711
-3.9187785608884953
-6.104950882956056
-3.5154020662513465
7.658987609045911
-7.947554912347909
5.6475136549907905
2.2223454869354393
-3.8921157155055024
-5.902457087549913
-3.8593527067243323
-6.04991378185226
-3.780499949173768
-8.420270946640223
8.164396190738499
2.3422367019164105
6.036648752354477
-6.128016735746488
-4.093897343113634
-6.096009593863103
-4.097486325928398
-3.334294906429241
-7.700513824769578
7.412479347690039
2.1919794976190192
5.443489432631284
-6.033139933022919
-3.7473884645989646
-6.03735780323976
-3.7453374829613617
-3.6141436055082283
-8.058316042185963
7.836720688857437
2.269409029947987
5.806532953497406
-6.013615551820212
-3.9075150792137734
-6.021481783268547
-3.966349864512459
-3.7431421040017154
8.066843581581633
-8.34274576515927
6.02702311404258
2.3263147883533475
-4.071332438985138
-5.998056626649308
-4.071600308581892
-6.041006602606227
-3.6143045825017577
-8.13809545227063
7.880520976919092
2.2949530807632286
5.854326866911975
-6.047680079247933
-3.9532037008704295
-6.061301717438319
-3.9783323421185894
-3.608574604088691
-8.173268305547216
7.91708898003976
2.2863936051610656
5.868702766531267
-5.965394502435961
-3.98403381289017
-6.042813440961349
-3.985953854188124
-3.7310229012336427
-8.346562384066205
8.088364471558698
2.3159175036797843
6.017647426041156
-6.0302081726218635
-4.0783046567717065
-6.0307330636251555
-4.075817411863126
-3.506439336325007
-7.968293291779491
7.715080157714087
2.254770897636526
5.66363404936221
-6.092179492766775
-3.8614828428807217
-6.098894458356338
-3.901627445039962
-3.629800255250943
-8.260607791883663
7.94789887398559
2.3196885183058664
5.895900799464326
-6.0813508386500095
-3.9998553132150936
-6.085666908185821
-4.004157411734871
-3.6324968668605453
-8.156414652351494
7.849645602561832
2.294144780432852
5.829434012119727
-6.032013992049041
-3.9658657149489325
-6.023534519738157
-3.968573310714334
-3.695755746127737
-8.233276393135464
7.979106548605755
2.296193097609468
5.930201247607713
-5.983648263236515
-4.024610453879515
-6.038219501084993
-4.024349049666086
-3.786740728096321
-8.41412374271946
8.157569204455152
2.33024552464371
6.070048679495414
-6.025137659259747
-4.103712352773988
-6.030088550780608
-4.141165631523441
-3.4813350221051804
7.644485476159278
-7.967494649340608
5.623740487112768
2.270409987552763
-3.872111128286236
-6.112825560238529
-3.822563046112843
-6.129722559791154
-3.8554999095975235
-8.502897664379883
8.308308674374175
2.3397379187060547
6.18320960868908
-6.059365242857925
-4.174450302626266
-6.054558585743995
-4.188231089794738
-3.58653847214056
-8.172505853699223
7.851473780921492
2.285148720209206
5.797656209508542
-6.050545297664137
-3.9655684269712483
-6.055278569749231
-3.9582664681092754
-3.6456175415879684
7.919785245766555
-8.175746649952464
5.866288345187997
2.2980116064887546
-3.987323619208456
-6.056331488187834
-3.9949992544650206
-6.070173760012837
-3.5118080946151387
-8.029548555086542
7.756298727356014
2.2994507311749763
5.692126627168571
-6.152321032272713
-3.8667490835984433
-6.194059499111192
-3.868628007187779
-3.356207434349726
-7.717201407620176
7.358648766304141
2.18914945923736
5.453669109866159
-5.958841531552353
-3.709212058658233
-5.947407245248187
-3.764471326399436
-3.4149556304953883
-7.824445235898567
7.532725395615934
2.2380433090096
5.519783316277673
-6.083284526276894
-3.8061501501750215
-6.098910825797369
-3.78525990993954
-3.1564672133516325
-7.570011947451044
7.13361118598372
2.196641110330968
5.242035554760489
-6.246966402520722
-3.5781834034974427
-6.255380046419651
-3.5711572124399393
-3.793990712455564
8.226186894141787
-8.504092826418535
6.126852237950456
2.344480342284928
-4.146901311822893
-6.059928213165573
-4.142929798630756
-6.066155183257241
-3.5209863426995756
-8.076976969274439
7.794985103116268
2.2875286851338226
5.801614853712112
-6.074663820453352
-3.8875242183947973
-6.006397080352907
-3.888581868186332
-3.361668054346992
7.44534214344717
-7.764015442495905
5.4133012374467295
2.25470043136661
-3.727523793349975
-6.272490716665164
-3.7646626390698064
-6.262154252736193
-3.5514136480286678
-8.042742945222347
7.7707130637964745
2.33108042539959
5.677820740960181
-6.288684264317677
-3.9248371320568602
-6.291269874153488
-3.86338376044653
-3.0443955249773698
-7.34847555852225
6.851120860083858
2.1238049428294947
4.91463801519723
-6.479096778864079
-3.4128568113119275
-6.496554811494967
-3.4846321896500387
-3.5286035921528414
-8.005802464729529
7.7356469158359875
2.330451947520166
5.663112337349614
-6.33561464968182
-3.8813649391787997
-6.317618174697073
-3.8553302611882603
-3.723457163839118
8.029119592555759
-8.24671067885597
5.97520972559201
2.315496096681537
-4.031223351868077
-6.064189485188394
-4.044975506927576
-6.058659708926931
-3.713971730037301
-8.316890991665666
8.06067132979357
2.314875470864543
5.99809097477824
-6.032244439328764
-4.045594273626685
-6.044508656325441
-4.090521045700284
-3.2046232239405015
7.083557336563252
-7.5182607522108205
5.125622871784777
2.1684912715118894
-3.5939097719916426
-6.2725331537304525
-3.532558144042229
-6.293618555932886
-3.566941580029019
-8.058918704295232
7.781691356166482
2.281063944282927
5.74704915920717
-6.074788018377106
-3.8946092477060517
-6.060899484622153
-3.9232990451255096
-3.581183637493379
7.823530091876297
-8.11170085310711
5.781115376300844
2.2660423510682812
-3.930979580409809
-6.007237871565334
-3.961766495857996
-6.033406219722548
-3.803397497455722
-8.438175901845893
8.206869232789614
2.3196137808633255
6.1002282652867335
-6.060393853093963
-4.150867719825189
-5.990756231865151
-4.151951560199053
-3.6660501811495236
-8.287160568438269
7.9880986659168975
2.3185025023736303
5.944157897907194
-6.016422379699152
-4.038718394008009
-6.068936301379321
-4.028045960162875
-3.5548836942382214
7.758175151407792
-8.028683846745281
5.655813559645745
2.3236667771646795
-3.9125480566881885
-6.27007812009633
-3.871548100935867
-6.318619830766197
-3.706601658054517
-8.243323043172708
8.011859610659467
2.320677963627036
5.9438903308521045
-6.089870066468784
-4.040461881512379
-6.0836390888284795
-4.005584486966299
-3.6891997263106986
7.976244758681554
-8.210658138415788
5.886456604934826
2.3134580713959307
-4.001132580367449
-6.122130082307089
-4.015564906769418
-6.110202695854591
-3.764861834700238
-8.416764025678962
8.192517386905696
2.333468866807611
6.002542671451464
-6.2890403238210775
-4.078276591193378
-5.965400440252901
-4.053243028170645
-3.8591432991167243
8.272718073443661
-8.516258566595715
6.182665769762728
2.349359099208054
-4.178802194852759
-6.042486136722341
-4.1816827122637585
-6.044476737984505
-3.6906626272631904
8.000482313745357
-8.227752869212308
5.895782848218276
2.2954626967377805
-4.031463562333307
-6.081903328808429
-4.024275906428771
-6.057217176554221
-3.5131090899230983
-8.033802071537236
7.742434458123179
2.257729237830522
5.690500934483452
-6.085053543179109
-3.878897554944875
-6.09580268151259
-3.8934537896942993
-3.816832364768672
-8.41730972237493
8.178901358149243
2.3418401185083177
6.074499810769986
-6.082017306791737
-4.120346817883006
-6.031129539917142
-4.14482589700426
-3.7603599151560156
8.144249856410266
-8.385567485613647
6.065658597974479
2.3407877227969895
-4.103816194930189
-6.056250747872775
-4.084426253794644
-6.087021509228365
-3.5689006401508716
-8.072329736450113
7.83174330209927
2.29414684523636
5.773227948177103
-6.149251174293089
-3.9088058181120595
-6.137576642144438
-3.93988358824569
-3.5753787241831243
7.84889832114165
-8.063412826797217
5.811398365201576
2.2668287522340673
-3.9460286249914733
-6.018273207232462
-3.953982875112017
-6.034843166621037
-3.3922017911405447
-7.807509354978158
7.517102645139922
2.2367482984743607
5.527597790110212
-6.105535444002335
-3.786633758916943
-6.10546906781577
-3.7760538262379035
-3.1604607365048927
7.1558100062773775
-7.511552123987746
5.188567980093225
2.1495468015901626
-3.6445416551600616
-6.1444811301154685
-3.5405516493343
-6.180271763321816
-3.768451816439505
8.14089775055127
-8.370108977511117
6.044675291751425
2.3265249384526494
-4.097499636424499
-6.029818039398649
-4.079094272608975
-6.0626477485558015
-3.6951534555949643
8.058809806435294
-8.273534355243392
5.979859457175307
2.299339890305236
-4.079960274609499
-6.030748637085182
-4.051013669335294
-6.025487806872701
-3.648323121047679
7.978216884422909
-8.154070862544305
5.886753914056184
2.333437709727295
-3.971280225469492
-6.1924902129691795
-4.005229129630082
-6.182958017857036
-3.210968236220185
7.251754189777625
-7.63137066249025
5.287142591220244
2.166909212100952
-3.6579981034526274
-6.109567171474433
-3.5832779198298668
-6.117956074486903
-3.645718685135644
7.866702193018929
-8.12277595054988
5.875632672001947
2.265659611217327
-3.9817531866326727
-5.941945595713745
-3.9831534885431874
-5.995771748653961
-3.709791378444484
-8.346629936326998
8.074600093862431
2.325876757126759
5.999748629569106
-6.026710897676139
-4.046020226883113
-6.090539813114984
-4.061151040274354
-3.7316028122655878
-8.33995958502027
8.076459879056271
2.3069431610784896
6.040289649464118
-6.025846103556628
-4.081025236530579
-5.974925748879394
-4.102201709576405
-3.821228638404378
-8.48039642155735
8.189292424090954
2.3595395289287304
6.127447189591577
-6.067236985298798
-4.149192657482383
-6.036487596924305
-4.13690120602482
-3.680603094083527
7.989337366706023
-8.278244781656863
5.892733166982368
2.3178536948928437
-4.016128945423362
-6.08228852899219
-4.032721708300682
-6.083013480133312
-3.728354066295108
-8.397798564291847
8.118360736920023
2.3348993446276207
6.027944812155755
-6.0861641225422645
-4.066718143799972
-6.085877770339997
-4.123044155541502
-3.4484013785087395
7.6295079967959
-7.923777990032301
5.628867234012959
2.277039747302207
-3.8104900896178155
-6.151715085446836
-3.8002241167705595
-6.157351063956482
-3.5873724124251574
7.81250905357258
-8.107140908134733
5.735376742256838
2.3487714852377444
-3.9010872140017328
-6.257758101819883
-3.943358939769717
-6.277237615715703
-3.5993628696879134
7.891666488889262
-8.126124207555895
5.8260642356894765
2.3230603303211628
-3.9463768178847416
-6.16300469599842
-3.918305980821897
-6.15273419410055
-3.6548376610855864
7.970167569168341
-8.252933593593989
5.938183416342283
2.317233140863404
-3.980288958272014
-6.049565671610335
-4.033914933493533
-6.0549977009142895
-3.599549240355581
7.861387024710538
-8.120439614185258
5.82483036028971
2.280627978270842
-3.936927171201455
-6.041195951459099
-3.939504395034136
-6.047435146873714
-3.7015501850605674
-8.333913290523382
8.0712516732486
2.3145378106805583
5.9982823864378645
-5.996543092491893
-4.061529700226517
-6.079274129919128
-4.041050255957538
-3.6819637938406715
-8.27670575673864
8.072492642552344
2.2853715901561884
5.963723513102691
-6.020532054789272
-4.061617101949511
-6.06620908520151
-4.0586234605193425
-3.6145221807441024
-8.151036203135803
7.918423845401293
2.2772305848154297
5.841375560445224
-6.055769180408952
-3.964996556360311
-6.087075571007087
-3.954130432239568
-3.6513083228838763
-8.216348293842128
7.934531909012707
2.3074021723445215
5.905932026330315
-6.0517883999607704
-4.035232082959665
-6.016561503294002
-4.005234281502548
-3.713390202061453
-8.241601727770615
8.022252750428489
2.2881082882077264
5.985637460013709
-5.963795502550184
-4.060920342797538
-5.997385407810413
-4.051125602831104
-3.845162136705443
-8.509683427517283
8.270811325932092
2.3371521157625867
6.170268796894899
-6.052596105981148
-4.173790353453522
-6.023176658999534
-4.169952159544297
-3.375980478435853
-7.766969502436058
7.489702934999625
2.235483124306538
5.425500042234991
-6.316693348828959
-3.7416710540406095
-6.317869981227003
-3.7351120491177325
-3.7048370286607186
-8.296190918819642
8.046583817666445
2.303633412673542
5.972467366741755
-6.041382605504457
-4.047725827907503
-6.034302568194842
-4.069062669723114
-3.6279816042154565
-8.133644394316756
7.864249200323341
2.299507616031536
5.799745899340623
-6.1030845008909465
-3.9544318545143495
-6.0950675409233686
-3.949251363202041
-3.7512843459720164
-8.337831202295945
8.087541819625322
2.326910264333238
6.037361542243808
-6.020669228592018
-4.075144084594988
-6.007385116309481
-4.099053168902769
-3.5292061076518007
7.779960995024678
-8.097566901458013
5.708623219726927
2.2672518338517933
-3.8790927600155456
-6.104498826814061
-3.8968662098731714
-6.129275082355454
-3.657181534331546
-8.25849909807001
7.957317659781626
2.2933809350165735
5.9527318062095915
-6.011318398464051
-3.9957976440540235
-5.96914690563971
-4.051275483295998
-3.619449286555934
7.8977848504519175
-8.100694400597122
5.805704767890129
2.3335207530833313
-3.9683374463958
-6.217057027239515
-3.953987595215438
-6.206354076561981
-3.282351939691029
-7.704635430014009
7.31145987776238
2.2293888997942477
5.303066878575873
-6.356018379234611
-3.6729768897471717
-6.35667614616218
-3.6556082585500596
-3.524307387001446
7.7474260618008755
-8.006619431270286
5.6807737296062175
2.3001444071312775
-3.885093613152293
-6.20260224482711
-3.8529203778897534
-6.22005723253354
-3.6684722345365657
7.955622984890485
-8.195234005665688
5.917764405829343
2.2860397786771203
-4.008519140109782
-6.0061468295073706
-4.009700771374184
-6.031541642202497
-3.5761296098694757
7.8454835917226875
-8.125943665927359
5.770821921492291
2.3328769810196417
-3.9335784024306886
-6.2305296345628
-3.904154876906285
-6.2372636221872755
-3.1555836245771087
7.101720842909843
-7.499996538547964
5.21053427425646
2.121479742813989
-3.564891660902338
-6.040619314270747
-3.5976293799751957
-5.9790956723983895
-3.6705491519665934
7.991375407527153
-8.246792996795572
5.94973835294175
2.308160049089534
-4.024792399167348
-6.022865195364933
-4.025445433161371
-6.0091886448338325
-3.5083746509207416
-8.023375557288492
7.693523386309532
2.2666540116344294
5.658166744069533
-6.071552169898573
-3.8827383910142963
-6.08768546949732
-3.852738115606315
-3.3249375798581378
-7.786933122208946
7.410140754306334
2.2141416456293173
5.417063462000386
-6.129243385243703
-3.7104154595050325
-6.136100846958847
-3.7435520861896836
-3.64591025934271
-8.248477418982095
7.974015463207274
2.295929382246874
5.8640852599226205
-6.004669751521584
-3.9896541304648228
-6.170082166370572
-3.998334103125643
-3.2762305181098195
-7.617536230272424
7.280269651206446
2.1460181374722076
5.3113284662066045
-6.033937671316941
-3.6763060833599064
-6.048325834872187
-3.6234793559839646
-3.5534925795750434
-8.03338235607398
7.731839185702793
2.3408574636447885
5.644694439398854
-6.3141174115679135
-3.8770839951147296
-6.300710740101141
-3.9099137729547757
-3.280700649149893
-7.614605869947351
7.297794530928538
2.1887912120087463
5.30697571062667
-6.152277399638278
-3.668641724521113
-6.151124544143349
-3.6288050096185107
-3.5671879232834085
7.746202637092735
-8.022361059385947
5.676295667191236
2.2603782062875455
-3.8998956656487875
-6.0693612828922765
-3.9117265130960903
-6.065100690209609
-3.5396106917005303
-7.986122765515927
7.722186877384176
2.2241310403894374
5.712260790199186
-5.928473971974992
-3.9168187686834175
-6.0111676157524325
-3.915658992548524
-3.7086007927396554
8.007596848987175
-8.250027613981153
5.950304201171651
2.2861286008420776
-4.046614238421919
-5.995412547343787
-4.058328479119908
-5.998926552114111
-3.5787602054420162
-8.051429189311214
7.748620982422438
2.2734907092247365
5.741728984491032
-6.00383582740034
-3.900105267213522
-6.025845541241529
-3.9268163439133024
-3.338337134372343
-7.8665709427304105
7.465371281012443
2.1829170227286245
5.394040495805027
-6.35572721327012
-3.7421496657402926
-5.835454396634431
-3.683974467021841
-3.5089341758656913
-8.00843985292141
7.712084557964947
2.2479994955010723
5.705022617890932
-5.998642085201413
-3.8631161516682897
-6.035628894148628
-3.8707197786110106
-3.364302236216811
-7.838371183586049
7.449684970880088
2.1679509436025053
5.475956002148041
-5.956750735813686
-3.770499005459427
-6.006911737157788
-3.7587034715643544
-3.4793716416608143
7.649408967152958
-7.908158894780035
5.611484617607681
2.26034387590952
-3.844864880616145
-6.138050728648306
-3.81951239956643
-6.170996267277156
-3.674575036251816
-8.170249581735586
7.956170385725096
2.2995558946955015
5.926602350857824
-6.0493485411000005
-4.026013039808798
-6.020374091231994
-4.011488939897856
-3.223022344577586
7.294489663730667
-7.641103706466177
5.2973041680496875
2.211533593122738
-3.6152226808386505
-6.281787512053613
-3.671614442836092
-6.2810450408751555
-3.5173939165489867
-8.038902129129765
7.725988059303412
2.229519469145452
5.713107566412543
-6.033947503920838
-3.909835210879527
-5.946941269316595
-3.9020196494632775
-3.8278799687084084
8.273914861775706
-8.481285501339855
6.150978439735062
2.348562586550167
-4.144385554654592
-6.064325465783608
-4.156397563966504
-6.075571947717994
-3.5219508335261667
-7.976899166281039
7.696088562663314
2.238497487235285
5.70814255327568
-6.011143957576614
-3.874627827081385
-5.983471549469628
-3.849451452546349
-3.3303607516463822
-7.807862240065799
7.419718313965064
2.192202599625603
5.414278953998408
-6.072278531099178
-3.760210958527489
-6.058936316991833
-3.717265227333763
-3.3735453050855706
-7.801467792251908
7.508843112394996
2.247206762025658
5.457574523241595
-6.276411092529953
-3.744756059774902
-6.254504767034189
-3.7599864339759645
-3.6341961913089214
-8.236290267020053
7.928583780943048
2.293074475171101
5.896396757557458
-6.044047864657168
-4.003818402414005
-5.969826765188342
-3.9925733905277263
-3.452563970735315
7.659723967211027
-7.953532063826593
5.624978471400992
2.2527417928713325
-3.8446759706874962
-6.126273690147112
-3.8129158964818415
-6.126447196432605
-3.423542369479589
7.5451483058313
-7.825106724743786
5.564955008738221
2.2098792005872
-3.8131037993420103
-5.995987238275206
-3.827277958274998
-5.966476078192795
-3.6022658063044184
7.771938637914562
-8.111418330325685
5.733903229794652
2.295767225893255
-3.8951159281312155
-6.0753644690024995
-3.9278536344004196
-6.100608458531606
-3.3844721138037555
7.395727159665693
-7.700226184121737
5.3600003947867485
2.2316932483191683
-3.732340464021953
-6.284768801096011
-3.6941666183882735
-6.307661492167028
-3.807231768942089
-8.454815250347387
8.211908101448252
2.3412429356514397
6.11133307939622
-6.059542358276371
-4.128787781180381
-6.049719289531744
-4.151166311309931
-3.3815547394894474
-7.81123107698911
7.4660070871561155
2.260989489762823
5.4380870278131
-6.304657754474999
-3.742244304861201
-6.319939185926775
-3.717055473170134
-3.4838973618287996
-7.964630597354612
7.649192394851531
2.2296494063634222
5.67399646271177
-5.976352601852051
-3.8378065169468742
-6.009504922332535
-3.889385046602202
-3.698643009742145
8.021348204210051
-8.21658024625383
5.909529605086145
2.335049933773019
-4.031173233565112
-6.14628118201567
-4.042072955124903
-6.152427586080711
-3.795018808050786
-8.386539976769303
8.162595938587538
2.323007034313977
6.090315126746463
-6.035106246321434
-4.126141336621865
-5.995856724043802
-4.115172448602934
-3.637076443015252
-8.175203682839062
7.948928469485917
2.3289872028658563
5.866619331107684
-6.17902054873779
-3.969100826921638
-6.183802313877206
-3.9915612914018896
-3.7502658230327857
8.095180656345095
-8.328945486236965
6.0049348950282635
2.3233249494015262
-4.08170895697824
-6.064846016901921
-4.06009100583321
-6.036586295579156
-3.743208672675419
-8.36813920695162
8.137545246045804
2.3304925659688642
6.048488947613836
-6.069271386214826
-4.076531493398642
-6.038153312362041
-4.075905989941783
-3.802091845954708
8.21039294592053
-8.457462640045339
6.082322903780876
2.333729780894027
-4.140905631926916
-6.094197309743497
-4.130728362790403
-6.0716575916212046
-3.5084871218992166
7.688244327204667
-7.967637363574105
5.695038189256744
2.2363238273449615
-3.8665645423685335
-6.012940709646284
-3.8728412194391786
-5.969982728547937
-3.8579727086592075
-8.552759326029522
8.32464835329451
2.3590481418578966
6.190492514451339
-6.091128828986099
-4.1911243609836735
-6.059812357938543
-4.189718054119791
-3.6110745499679053
-8.150506771542235
7.910214930409493
2.284486422068003
5.851969335410493
-6.048612584341801
-3.953048501239152
-6.062779780669339
-3.9739471013782914
-3.4621607722111842
7.5971926068451
-7.938150078789927
5.606919837041083
2.2969939354666282
-3.8289677812986835
-6.18021442677772
-3.8094178238864336
-6.189944320008357
-3.6238122746652315
-8.247889250496343
7.928149469733929
2.2923794654293914
5.880483226439396
-6.065133007125121
-3.996089701217411
-6.011615642046086
-4.020403883216533
-3.5648786953780767
-8.09007544711377
7.84869439467135
2.2965992987129678
5.817992676722225
-6.081780930858562
-3.951137219964142
-6.095429354924981
-3.937615535200583
-3.6615616953664807
7.977771388068713
-8.208057176517434
5.913985291021115
2.2715924888125874
-4.009617697157761
-5.985788415055213
-4.045215562656748
-6.008267992203418
-3.2652313940340933
-7.929326836931977
7.39085084920314
2.154469586143968
5.266920989844032
-6.858970556477335
-3.6607293764072155
-5.791181663221662
-3.6257206293960826
-3.719973674072098
8.088333105874225
-8.330312906024275
5.981178875816975
2.3398483570996893
-4.053661418774035
-6.13689995231608
-4.06432057844523
-6.12440676204728
-3.233629755225582
7.227367972997197
-7.608788407543148
5.239004849459717
2.1918466432917265
-3.634438114478785
-6.277307509519584
-3.645545162040093
-6.231451522865901
-3.671421759691799
8.026891544373566
-8.281913647337825
5.98352689878006
2.300681057744089
-4.038457122314623
-6.027584036317135
-4.0437355501363745
-6.030040754859373
-3.7874611861106455
8.191660200938632
-8.433366619927549
6.087056416077866
2.3495437421584686
-4.121377819026531
-6.0893706532627165
-4.088206447163061
-6.085475129566032
-3.523449460990486
7.753558733931183
-8.033435622910794
5.74675393979275
2.2551230260567143
-3.8942756115530495
-6.064506659849874
-3.8992868782935415
-5.995574506151689
-3.7400160463593726
8.154168659073095
-8.379766858120334
6.072944004612827
2.32887494466874
-4.09313268709982
-6.0355479336655
-4.087913118089221
-6.056558479941534
-3.6646306405640483
-8.265911045286103
7.992119237965876
2.3195168253193184
5.9012437015712385
-6.105219029678684
-3.998815583848554
-6.123114225329079
-4.027782535596933
-3.6151899331056585
-8.130824293381156
7.911722419655346
2.27924913345452
5.827455667763119
-6.077564093333666
-3.995547851475054
-6.084554501703938
-3.9696255222116488
-3.637484571737322
7.968880358170345
-8.189300238924618
5.901849127557374
2.276062113362944
-4.014317602256585
-6.022105491512213
-3.9912182766209736
-6.030949943542622
-3.6657521484649247
-8.28656000587039
8.00632818710713
2.312915756434181
5.968513510788123
-6.060486180247355
-4.028286269867387
-6.019549271747184
-4.046528240723307
-3.572613835876171
7.782721111399367
-8.06548134245454
5.730850750946859
2.326686450991573
-3.939289717100358
-6.2104356621663594
-3.9015154805317263
-6.194092767647917
-3.5822514339074414
7.9002063752977225
-8.191551628537445
5.851358387735259
2.2824771925354628
-3.953559989291921
-6.00562155291799
-3.978210390453594
-6.079554956903346
-3.4992120599280976
-7.972118681096298
7.709960811177653
2.2801720373188026
5.696946080456663
-6.085112433808218
-3.860115216594213
-6.086113714756278
-3.881023636870167
-3.490727222437446
-7.996864847643633
7.706687973123589
2.245037775298088
5.722847555149511
-6.039323004920978
-3.872381171852489
-5.987888079033182
-3.8510866456490382
-3.7270181833703
8.117841612959628
-8.337067731721207
6.026595277201907
2.304400735989362
-4.049449392307823
-6.059738061327038
-4.1017912165801516
-6.028113505926637
-3.5614852440226166
-8.106758981971579
7.798914834518798
2.3108050320952396
5.78532062522951
-6.095563550608398
-3.9427666845829
-6.136197001963239
-3.9256231948384044
-3.7476084714250586
8.098076378036488
-8.31100225964648
5.990043616926815
2.3113115155667026
-4.075808835129446
-6.068212875648557
-4.072020883815354
-6.069058139493952
-3.5762292822780535
7.817958690668814
-8.062581814105597
5.736294169280982
2.2549381316605417
-3.95385316048227
-6.039583441292267
-3.9299430483669218
-6.050238817766678
-3.7151465501982295
-8.318999847790403
8.099961146293264
2.3183549655674494
6.025786960734317
-6.052400818161701
-4.053194936287178
-6.058029903035656
-4.083214564081242
-3.688284263042718
8.068207868536186
-8.336471522067304
6.008200720531201
2.3123822867883543
-4.044341461581209
-6.065533429714262
-4.039211293718909
-6.0209115550341945
-3.403890499401502
-7.8668960907967005
7.5540114134277605
2.2246917853409065
5.56608366110749
-6.058973582255919
-3.779828384315016
-6.050861148815991
-3.7956338219359256
-3.7005445875974874
7.990724434654113
-8.206060190167321
5.906432358443433
2.3199892053931914
-4.020916975877745
-6.10854159070637
-4.017494717106161
-6.141605438273629
-3.6411643717178848
-8.163715769588556
7.929207815647413
2.2959419219335366
5.859099625914615
-6.111324942398457
-3.956036647139644
-6.070899124538534
-4.010024957059581
-3.604316694596541
7.865527663497626
-8.170340472649125
5.807980658504781
2.282547713870922
-3.9717809758752316
-6.034492602525546
-3.9618576976795885
-6.071397305981354
-3.672351276918766
7.99911259146394
-8.27290953489467
5.963802828319814
2.3134431389256354
-4.02396367605766
-6.057171236633789
-4.004587298891245
-6.0343165386159425