9
10
-3.4448801856465527
-7.893841154858795
7.593627444236345
2.3028748979369933
5.552387363548854
-6.290570399441517
-3.817013020493297
-6.281978903456482
-3.7851379749327285
-3.7254528411601613
-8.300910390305395
8.038321266062153
2.3099429768979007
5.974970560886887
-6.0475974364912055
-4.045683508153797
-6.0172171717750835
-4.062842850926793
-3.5434420149559474
7.776756859280041
-8.059302713004088
5.743922159968576
2.2596786007831184
-3.8898444636909337
-6.000536427696914
-3.928959131782887
-6.050315275426595
-3.6360071349594185
-8.195029240772525
7.9248184433078395
2.303562146592327
5.902498070620765
-6.041058201066094
-4.019854185820988
-6.031979249947852
-4.002909552753572
-3.659915878025013
7.909262176702977
-8.158685362679588
5.833722316392513
2.3004849493100785
-3.976937396661589
-6.072688176985013
-3.9782018794094776
-6.073575523760755
-3.5700234998167972
7.802430123490193
-8.093661182076762
5.71901365080256
2.31768233763346
-3.92352992062993
-6.199214090334813
-3.919390326585955
-6.177147062263831
-3.0878746853047683
7.070576789158902
-7.470619055400863
5.1140492431770985
2.1608632831500674
-3.4748188805058637
-6.371601415287401
-3.506346796461996
-6.398849006666019
-3.580482758856398
7.846534920330594
-8.084151652364827
5.8315695988455625
2.2912140605161535
-3.9404952579350896
-6.0785052668917245
-3.9519030908673805
-6.031851719687314
-3.707939521969356
-8.330206567888109
8.059214992903879
2.3059673086030554
5.949668811695867
-6.081776656211469
-4.039952756454972
-6.0842787676502095
-4.053036624190257
-3.6631079058278013
7.994297687944065
-8.253610500277079
5.9457281979265435
2.2894425983501314
-4.021914111108549
-6.011851112963504
-4.02663877734357
-6.038563818868703